Params = [-2.37449503,  3.33540522,  0.40793613, -2.36240406, -1.10649642,
       -0.79583903, -0.66000836, -2.35014074, -1.42196828]

A = 0.52